{
 "cells": [
  {
   "cell_type": "markdown",
   "id": "cafa3f82",
   "metadata": {},
   "source": [
    "# Transferencia dinámica de estados cuánticos"
   ]
  },
  {
   "cell_type": "markdown",
   "id": "479eea01",
   "metadata": {},
   "source": [
    "## Sin interacciones"
   ]
  },
  {
   "cell_type": "code",
   "execution_count": 20,
   "id": "886efabe",
   "metadata": {},
   "outputs": [],
   "source": [
    "#Importan las librerias necesarias\n",
    "from qutip import *\n",
    "import qutip as qt\n",
    "\n",
    "\n",
    "import numpy as np\n",
    "import matplotlib.pyplot as plt"
   ]
  },
  {
   "cell_type": "markdown",
   "id": "bc2e1bc8",
   "metadata": {},
   "source": [
    "Base fotónica"
   ]
  },
  {
   "cell_type": "code",
   "execution_count": 21,
   "id": "03661a06",
   "metadata": {},
   "outputs": [
    {
     "data": {
      "text/latex": [
       "Quantum object: dims = [[4], [1]], shape = (4, 1), type = ket $ \\\\ \\left(\\begin{matrix}0.0\\\\1.0\\\\0.0\\\\0.0\\\\\\end{matrix}\\right)$"
      ],
      "text/plain": [
       "Quantum object: dims = [[4], [1]], shape = (4, 1), type = ket\n",
       "Qobj data =\n",
       "[[0.]\n",
       " [1.]\n",
       " [0.]\n",
       " [0.]]"
      ]
     },
     "execution_count": 21,
     "metadata": {},
     "output_type": "execute_result"
    }
   ],
   "source": [
    "#Estado de vacío |0>:\n",
    "p0=fock(4,0)\n",
    "\n",
    "#primer estado excitado |1>:\n",
    "p1=fock(4,1)\n",
    "\n",
    "#segundo estado excitado |2>:\n",
    "p2=fock(4,2)\n",
    "\n",
    "#tercero estado excitado |3>:\n",
    "p3=fock(4,3)\n",
    "\n",
    "p1"
   ]
  },
  {
   "cell_type": "markdown",
   "id": "a0f82974",
   "metadata": {},
   "source": [
    "\n",
    "\n"
   ]
  },
  {
   "cell_type": "markdown",
   "id": "15bf4328",
   "metadata": {},
   "source": [
    "\n",
    "\n",
    "\n"
   ]
  },
  {
   "cell_type": "markdown",
   "id": "9273dd32",
   "metadata": {},
   "source": [
    "Base de materia\n",
    "\n",
    "1. Deseo escribir esta base utilizando la base de Dicke que ofrece python: https://qutip.org/docs/latest/apidoc/functions.html?highlight=wigner#qutip.piqs.dicke\n",
    "\n",
    "\n",
    "\n",
    "2. Averiguar el porque los vectores de esta base son: |-J>, |-J+1>, |-J+2>, |-J+3>."
   ]
  },
  {
   "cell_type": "code",
   "execution_count": 22,
   "id": "96518f8c",
   "metadata": {},
   "outputs": [
    {
     "data": {
      "text/latex": [
       "Quantum object: dims = [[4], [1]], shape = (4, 1), type = ket $ \\\\ \\left(\\begin{matrix}0.0\\\\0.0\\\\0.0\\\\1.0\\\\\\end{matrix}\\right)$"
      ],
      "text/plain": [
       "Quantum object: dims = [[4], [1]], shape = (4, 1), type = ket\n",
       "Qobj data =\n",
       "[[0.]\n",
       " [0.]\n",
       " [0.]\n",
       " [1.]]"
      ]
     },
     "execution_count": 22,
     "metadata": {},
     "output_type": "execute_result"
    }
   ],
   "source": [
    "#Valor del momentum angular total\n",
    "j = 3/2\n",
    "\n",
    "#Según el valor de j, m puede tener 2*j...\n",
    "jj=int(2*j)\n",
    "\n",
    "#...más 1, el valor m=0\n",
    "\n",
    "\n",
    "#Base de Dicke\n",
    "\n",
    "#|-J+3>.\n",
    "d3=qt.basis(jj + 1,jj-3)\n",
    "#|-J+2>\n",
    "d2=qt.basis(jj + 1,jj-2)\n",
    "#|-J+1>\n",
    "d1=qt.basis(jj + 1,jj-1)\n",
    "#|-J> \n",
    "d0=qt.basis(jj + 1,jj)\n",
    "\n",
    "\n",
    "d0"
   ]
  },
  {
   "cell_type": "markdown",
   "id": "cf15e68f",
   "metadata": {},
   "source": [
    "\n",
    "\n",
    "\n"
   ]
  },
  {
   "cell_type": "markdown",
   "id": "3ae318fa",
   "metadata": {},
   "source": [
    "\n",
    "\n",
    "\n",
    "\n",
    "\n"
   ]
  },
  {
   "cell_type": "markdown",
   "id": "40c44eb2",
   "metadata": {},
   "source": [
    "\n",
    "\n",
    "\n"
   ]
  },
  {
   "cell_type": "markdown",
   "id": "2852d003",
   "metadata": {},
   "source": [
    "Base global\n",
    "\n",
    "\n"
   ]
  },
  {
   "cell_type": "markdown",
   "id": "d1af7e8d",
   "metadata": {},
   "source": [
    "Los sistemas modos de cavidad y emisores forman un solo sistema. Como consecuencia hay que expandir el espacio de Hilbert, esto significa que la base resultante se obtiene a partir de aplicar el producto vectorial entre los estados de estos vectores.\n",
    "\n",
    "3. Investigar cuál es el motivo por el cual la base global es: |-J,3>, |-J+1,2>, |-J+2,1> y |-J+3,0>, ¿con la finalidad de que el número de exitación se conserve?"
   ]
  },
  {
   "cell_type": "code",
   "execution_count": 23,
   "id": "5cc83100",
   "metadata": {},
   "outputs": [
    {
     "data": {
      "text/plain": [
       "array([[0.+0.j],\n",
       "       [0.+0.j],\n",
       "       [0.+0.j],\n",
       "       [0.+0.j],\n",
       "       [0.+0.j],\n",
       "       [0.+0.j],\n",
       "       [0.+0.j],\n",
       "       [0.+0.j],\n",
       "       [0.+0.j],\n",
       "       [0.+0.j],\n",
       "       [1.+0.j],\n",
       "       [0.+0.j],\n",
       "       [0.+0.j],\n",
       "       [0.+0.j],\n",
       "       [0.+0.j],\n",
       "       [0.+0.j]])"
      ]
     },
     "execution_count": 23,
     "metadata": {},
     "output_type": "execute_result"
    }
   ],
   "source": [
    "# |-J,3>\n",
    "d0p3=tensor([d0,p3])\n",
    "d0p3\n",
    "# |-J+1,2>\n",
    "d1p2=tensor([d1,p2])\n",
    "d1p2\n",
    "# |-J+2,1>\n",
    "d2p1=tensor([d2,p1])\n",
    "d2p1\n",
    "# |-J+3,0>\n",
    "d3p0=tensor([d3,p0])\n",
    "d3p0\n",
    "\n",
    "\n",
    "d1p2.full()"
   ]
  },
  {
   "cell_type": "markdown",
   "id": "b2c51452",
   "metadata": {},
   "source": [
    "\n",
    "\n"
   ]
  },
  {
   "cell_type": "markdown",
   "id": "df261737",
   "metadata": {},
   "source": [
    "\n",
    "\n"
   ]
  },
  {
   "cell_type": "markdown",
   "id": "b55b18c9",
   "metadata": {},
   "source": [
    "\n",
    "\n",
    "\n",
    "\n"
   ]
  },
  {
   "cell_type": "markdown",
   "id": "52abbbc5",
   "metadata": {},
   "source": [
    "\n",
    "\n",
    "\n"
   ]
  },
  {
   "cell_type": "markdown",
   "id": "ea020a6c",
   "metadata": {},
   "source": [
    "## Hamiltoniano Tavis-Cummings"
   ]
  },
  {
   "cell_type": "code",
   "execution_count": 24,
   "id": "65127efd",
   "metadata": {},
   "outputs": [
    {
     "data": {
      "text/latex": [
       "Quantum object: dims = [[4, 4], [4, 4]], shape = (16, 16), type = oper, isherm = True $ \\\\ \\left(\\begin{matrix}1.500 & 0.0 & 0.0 & 0.0 & 0.0 & \\cdots & 0.0 & 0.0 & 0.0 & 0.0 & 0.0\\\\0.0 & 2.500 & 0.0 & 0.0 & 0.0 & \\cdots & 0.0 & 0.0 & 0.0 & 0.0 & 0.0\\\\0.0 & 0.0 & 3.500 & 0.0 & 0.0 & \\cdots & 0.0 & 0.0 & 0.0 & 0.0 & 0.0\\\\0.0 & 0.0 & 0.0 & 4.500 & 0.0 & \\cdots & 0.0 & 0.0 & 0.0 & 0.0 & 0.0\\\\0.0 & 0.0 & 0.0 & 0.0 & 0.500 & \\cdots & 0.0 & 0.0 & 0.0 & 0.0 & 0.0\\\\\\vdots & \\vdots & \\vdots & \\vdots & \\vdots & \\ddots & \\vdots & \\vdots & \\vdots & \\vdots & \\vdots\\\\0.0 & 0.0 & 0.0 & 0.0 & 0.0 & \\cdots & 2.500 & 0.0 & 0.0 & 0.0 & 0.0\\\\0.0 & 0.0 & 0.0 & 0.0 & 0.0 & \\cdots & 0.0 & -1.500 & 0.0 & 0.0 & 0.0\\\\0.0 & 0.0 & 0.0 & 0.0 & 0.0 & \\cdots & 0.0 & 0.0 & -0.500 & 0.0 & 0.0\\\\0.0 & 0.0 & 0.0 & 0.0 & 0.0 & \\cdots & 0.0 & 0.0 & 0.0 & 0.500 & 0.0\\\\0.0 & 0.0 & 0.0 & 0.0 & 0.0 & \\cdots & 0.0 & 0.0 & 0.0 & 0.0 & 1.500\\\\\\end{matrix}\\right)$"
      ],
      "text/plain": [
       "Quantum object: dims = [[4, 4], [4, 4]], shape = (16, 16), type = oper, isherm = True\n",
       "Qobj data =\n",
       "[[ 1.5         0.          0.          0.          0.          0.1\n",
       "   0.          0.          0.          0.          0.          0.\n",
       "   0.          0.          0.          0.        ]\n",
       " [ 0.          2.5         0.          0.          0.          0.\n",
       "   0.14142136  0.          0.          0.          0.          0.\n",
       "   0.          0.          0.          0.        ]\n",
       " [ 0.          0.          3.5         0.          0.          0.\n",
       "   0.          0.17320508  0.          0.          0.          0.\n",
       "   0.          0.          0.          0.        ]\n",
       " [ 0.          0.          0.          4.5         0.          0.\n",
       "   0.          0.          0.          0.          0.          0.\n",
       "   0.          0.          0.          0.        ]\n",
       " [ 0.          0.          0.          0.          0.5         0.\n",
       "   0.          0.          0.          0.11547005  0.          0.\n",
       "   0.          0.          0.          0.        ]\n",
       " [ 0.1         0.          0.          0.          0.          1.5\n",
       "   0.          0.          0.          0.          0.16329932  0.\n",
       "   0.          0.          0.          0.        ]\n",
       " [ 0.          0.14142136  0.          0.          0.          0.\n",
       "   2.5         0.          0.          0.          0.          0.2\n",
       "   0.          0.          0.          0.        ]\n",
       " [ 0.          0.          0.17320508  0.          0.          0.\n",
       "   0.          3.5         0.          0.          0.          0.\n",
       "   0.          0.          0.          0.        ]\n",
       " [ 0.          0.          0.          0.          0.          0.\n",
       "   0.          0.         -0.5         0.          0.          0.\n",
       "   0.          0.1         0.          0.        ]\n",
       " [ 0.          0.          0.          0.          0.11547005  0.\n",
       "   0.          0.          0.          0.5         0.          0.\n",
       "   0.          0.          0.14142136  0.        ]\n",
       " [ 0.          0.          0.          0.          0.          0.16329932\n",
       "   0.          0.          0.          0.          1.5         0.\n",
       "   0.          0.          0.          0.17320508]\n",
       " [ 0.          0.          0.          0.          0.          0.\n",
       "   0.2         0.          0.          0.          0.          2.5\n",
       "   0.          0.          0.          0.        ]\n",
       " [ 0.          0.          0.          0.          0.          0.\n",
       "   0.          0.          0.          0.          0.          0.\n",
       "  -1.5         0.          0.          0.        ]\n",
       " [ 0.          0.          0.          0.          0.          0.\n",
       "   0.          0.          0.1         0.          0.          0.\n",
       "   0.         -0.5         0.          0.        ]\n",
       " [ 0.          0.          0.          0.          0.          0.\n",
       "   0.          0.          0.          0.14142136  0.          0.\n",
       "   0.          0.          0.5         0.        ]\n",
       " [ 0.          0.          0.          0.          0.          0.\n",
       "   0.          0.          0.          0.          0.17320508  0.\n",
       "   0.          0.          0.          1.5       ]]"
      ]
     },
     "execution_count": 24,
     "metadata": {},
     "output_type": "execute_result"
    }
   ],
   "source": [
    "#Parámetros del sistema\n",
    "\n",
    "#Número de fotones es tres, pero se debe incluir la posibilidad de que no hayan fotones dentro del sistema\n",
    "N=4\n",
    "\n",
    "#Número de emisores\n",
    "n=3\n",
    "\n",
    "#Momentum angular total\n",
    "# j=3/2\n",
    "\n",
    "#Proyección de j\n",
    "m=-j\n",
    "\n",
    "#Diferencia energética cavidad\n",
    "wc=1\n",
    "\n",
    "#Diferencia energética emisores\n",
    "wa=1\n",
    "\n",
    "#Fuerza de acoplamiento campo-materia\n",
    "A=0.1\n",
    "\n",
    "#Término que representa esa fuerza de acoplamiento en ese número de emisores\n",
    "g=A/((n)**(1/2))\n",
    "\n",
    "\n",
    "#Operadores del sistema\n",
    "\n",
    "\n",
    "#Operadores de momentum angular para los emisores\n",
    "jz=tensor(jmat(j,'z'), identity(N))\n",
    "\n",
    "jmin=tensor(jmat(j,'-'), identity(N))\n",
    "\n",
    "jmax=tensor(jmat(j,'+'), identity(N))\n",
    "\n",
    "\n",
    "\n",
    "#Operador destrucción de los modos de cavidad\n",
    "#La forma de la identity se hizo para que cuadrara las dimensiones con\n",
    "#respecto a los operadores de materia\n",
    "a =tensor(identity(jmin.dims[0][0]),destroy(N))\n",
    "\n",
    "\n",
    "#Hamiltoniano de Tavis-Cummings\n",
    "htc=wa*jz + wc*a.dag()*a  + g*(a.dag()*jmin + a*jmax)\n",
    "htc"
   ]
  },
  {
   "cell_type": "code",
   "execution_count": null,
   "id": "3411176f",
   "metadata": {},
   "outputs": [],
   "source": []
  },
  {
   "cell_type": "markdown",
   "id": "70baf9b9",
   "metadata": {},
   "source": [
    "\n",
    "\n"
   ]
  },
  {
   "cell_type": "markdown",
   "id": "b700d246",
   "metadata": {},
   "source": [
    "\n",
    "\n"
   ]
  },
  {
   "cell_type": "markdown",
   "id": "8351c7f4",
   "metadata": {},
   "source": [
    "\n",
    "\n",
    "\n"
   ]
  },
  {
   "cell_type": "markdown",
   "id": "212558b0",
   "metadata": {},
   "source": [
    "## Proyección del Hamiltoniano de acuerdo a la base del sistema"
   ]
  },
  {
   "cell_type": "code",
   "execution_count": 105,
   "id": "d9e05134",
   "metadata": {},
   "outputs": [
    {
     "data": {
      "text/latex": [
       "Quantum object: dims = [[4], [4]], shape = (4, 4), type = oper, isherm = True $ \\\\ \\left(\\begin{matrix}1.500 & 0.173 & 0.0 & 0.0\\\\0.173 & 1.500 & 0.163 & 0.0\\\\0.0 & 0.163 & 1.500 & 0.100\\\\0.0 & 0.0 & 0.100 & 1.500\\\\\\end{matrix}\\right)$"
      ],
      "text/plain": [
       "Quantum object: dims = [[4], [4]], shape = (4, 4), type = oper, isherm = True\n",
       "Qobj data =\n",
       "[[1.5        0.17320508 0.         0.        ]\n",
       " [0.17320508 1.5        0.16329932 0.        ]\n",
       " [0.         0.16329932 1.5        0.1       ]\n",
       " [0.         0.         0.1        1.5       ]]"
      ]
     },
     "execution_count": 105,
     "metadata": {},
     "output_type": "execute_result"
    }
   ],
   "source": [
    "a1=htc.matrix_element(d0p3.dag(),d0p3)\n",
    "a2=htc.matrix_element(d0p3.dag(),d1p2)\n",
    "a3=htc.matrix_element(d0p3.dag(),d2p1)\n",
    "a4=htc.matrix_element(d0p3.dag(),d3p0)\n",
    "\n",
    "b1=htc.matrix_element(d1p2.dag(),d0p3)\n",
    "b2=htc.matrix_element(d1p2.dag(),d1p2)\n",
    "b3=htc.matrix_element(d1p2.dag(),d2p1)\n",
    "b4=htc.matrix_element(d1p2.dag(),d3p0)\n",
    "\n",
    "c1=htc.matrix_element(d2p1.dag(),d0p3)\n",
    "c2=htc.matrix_element(d2p1.dag(),d1p2)\n",
    "c3=htc.matrix_element(d2p1.dag(),d2p1)\n",
    "c4=htc.matrix_element(d2p1.dag(),d3p0)\n",
    "\n",
    "d1=htc.matrix_element(d3p0.dag(),d0p3)\n",
    "d2=htc.matrix_element(d3p0.dag(),d1p2)\n",
    "d3=htc.matrix_element(d3p0.dag(),d2p1)\n",
    "d4=htc.matrix_element(d3p0.dag(),d3p0)\n",
    "\n",
    "\n",
    "#Representación matricial del hamiltoniano\n",
    "h=np.array([[a1,a2,a3,a4],[b1,b2,b3,b4],[c1,c2,c3,c4],[d1,d2,d3,d4]])\n",
    "hh=Qobj(h)\n",
    "hh"
   ]
  },
  {
   "cell_type": "markdown",
   "id": "657b8b2b",
   "metadata": {},
   "source": [
    "Este resultado corresponde a la expresión (7), evaluando los parámetros de este ejemplo."
   ]
  },
  {
   "cell_type": "markdown",
   "id": "e6afe8f2",
   "metadata": {},
   "source": [
    "\n",
    "\n"
   ]
  },
  {
   "cell_type": "markdown",
   "id": "52198dd9",
   "metadata": {},
   "source": [
    "\n",
    "\n",
    "\n"
   ]
  },
  {
   "cell_type": "markdown",
   "id": "41d73561",
   "metadata": {},
   "source": [
    "\n",
    "\n",
    "\n"
   ]
  },
  {
   "cell_type": "markdown",
   "id": "15d24683",
   "metadata": {},
   "source": [
    "### Como mi trabajo consiste en la transferencia DINÁMICA de estados, hay que resolver la ecuación de Schrödinger dependiente del tiempo para ver como evoluciona el sistema"
   ]
  },
  {
   "cell_type": "markdown",
   "id": "d5696ec8",
   "metadata": {},
   "source": [
    "Aún persiste una duda con la condiición inicial. \n",
    "Con la condición inicial 'initial' se arreglar el problema de que las trazas parciales da diferente.\n",
    "\n",
    "Y la función de correlación de sgundo orden, sube a valores cercanos a 4, como en el artículo."
   ]
  },
  {
   "cell_type": "code",
   "execution_count": 106,
   "id": "9995d633",
   "metadata": {},
   "outputs": [
    {
     "data": {
      "text/plain": [
       "500"
      ]
     },
     "execution_count": 106,
     "metadata": {},
     "output_type": "execute_result"
    }
   ],
   "source": [
    "#Coeficientes de la...\n",
    "n0=((2)**(1/2))/3\n",
    "n3=((7)**(1/2))/3\n",
    "#...condicion inicial\n",
    "# psi0=n0*d3p0+n3*d0p3\n",
    "\n",
    "star=n0*p0+n3*p3\n",
    "initial=tensor(d0,star)\n",
    "\n",
    "\n",
    "#Tiempo en el que evoluciona el sistema\n",
    "tlist=np.linspace(start=0,stop=500,num=500)\n",
    "\n",
    "#Solución de la ecuación de Schrödinger\n",
    "resultado=sesolve(htc, initial, tlist, e_ops=None, args=None, options=None, progress_bar=None, _safe_mode=True)\n",
    "\n",
    "#Forma de acceder a los estados del sistema\n",
    "resultado.states\n",
    "\n",
    "#El número de estados que surgen, corresponde al numero num\n",
    "#ya que son los 'puntos' que se toman del lapso. En cada punto, se conocen \n",
    "#los estados del sistema.\n",
    "len(resultado.states)"
   ]
  },
  {
   "cell_type": "code",
   "execution_count": 107,
   "id": "f0702e9d",
   "metadata": {},
   "outputs": [
    {
     "data": {
      "text/plain": [
       "array([[0.        +0.j],\n",
       "       [0.        +0.j],\n",
       "       [0.        +0.j],\n",
       "       [0.        +0.j],\n",
       "       [0.        +0.j],\n",
       "       [0.        +0.j],\n",
       "       [0.        +0.j],\n",
       "       [0.        +0.j],\n",
       "       [0.        +0.j],\n",
       "       [0.        +0.j],\n",
       "       [0.        +0.j],\n",
       "       [0.        +0.j],\n",
       "       [0.47140452+0.j],\n",
       "       [0.        +0.j],\n",
       "       [0.        +0.j],\n",
       "       [0.8819171 +0.j]])"
      ]
     },
     "execution_count": 107,
     "metadata": {},
     "output_type": "execute_result"
    }
   ],
   "source": [
    "initial.full()"
   ]
  },
  {
   "cell_type": "markdown",
   "id": "38712a93",
   "metadata": {},
   "source": [
    "\n",
    "\n"
   ]
  },
  {
   "cell_type": "markdown",
   "id": "590bbc2f",
   "metadata": {},
   "source": [
    "\n",
    "\n",
    "\n"
   ]
  },
  {
   "cell_type": "markdown",
   "id": "967ed1cc",
   "metadata": {},
   "source": [
    "\n",
    "\n",
    "\n"
   ]
  },
  {
   "cell_type": "markdown",
   "id": "99a845ab",
   "metadata": {},
   "source": [
    "## Matriz de densidad"
   ]
  },
  {
   "cell_type": "code",
   "execution_count": 108,
   "id": "b7e56cda",
   "metadata": {},
   "outputs": [
    {
     "data": {
      "text/latex": [
       "Quantum object: dims = [[4, 4], [4, 4]], shape = (16, 16), type = oper, isherm = True $ \\\\ \\left(\\begin{matrix}0.008 & (-0.002-0.007j) & (0.005-0.005j) & (0.014-0.017j) & (-0.002+0.014j) & \\cdots & (-0.018-0.057j) & (0.022-0.022j) & (0.006-0.002j) & (-0.011-0.012j) & (0.005-0.005j)\\\\(-0.002+0.007j) & 0.007 & (0.003+0.006j) & (0.011+0.017j) & (-0.012-0.005j) & \\cdots & (0.057+1.427\\times10^{-04}j) & (0.013+0.026j) & (-2.677\\times10^{-04}+0.006j) & (0.014-0.007j) & (0.003+0.006j)\\\\(0.005+0.005j) & (0.003-0.006j) & 0.006 & (0.019-0.003j) & (-0.009+0.008j) & \\cdots & (0.022-0.048j) & (0.027-0.001j) & (0.005+0.003j) & (-3.414\\times10^{-04}-0.014j) & (0.006-2.303\\times10^{-04}j)\\\\(0.014+0.017j) & (0.011-0.017j) & (0.019+0.003j) & 0.059 & (-0.031+0.020j) & \\cdots & (0.087-0.134j) & (0.081+0.008j) & (0.014+0.010j) & (0.005-0.043j) & (0.019+0.002j)\\\\(-0.002-0.014j) & (-0.012+0.005j) & (-0.009-0.008j) & (-0.031-0.020j) & 0.023 & \\cdots & (-0.092+0.041j) & (-0.040-0.032j) & (-0.004-0.010j) & (-0.017+0.021j) & (-0.009-0.008j)\\\\\\vdots & \\vdots & \\vdots & \\vdots & \\vdots & \\ddots & \\vdots & \\vdots & \\vdots & \\vdots & \\vdots\\\\(-0.018+0.057j) & (0.057-1.427\\times10^{-04}j) & (0.022+0.048j) & (0.087+0.134j) & (-0.092-0.041j) & \\cdots & 0.435 & (0.103+0.197j) & (-0.002+0.046j) & (0.107-0.053j) & (0.024+0.047j)\\\\(0.022+0.022j) & (0.013-0.026j) & (0.027+0.001j) & (0.081-0.008j) & (-0.040+0.032j) & \\cdots & (0.103-0.197j) & 0.114 & (0.020+0.012j) & (0.001-0.061j) & (0.027+2.670\\times10^{-04}j)\\\\(0.006+0.002j) & (-2.677\\times10^{-04}-0.006j) & (0.005-0.003j) & (0.014-0.010j) & (-0.004+0.010j) & \\cdots & (-0.002-0.046j) & (0.020-0.012j) & 0.005 & (-0.006-0.011j) & (0.005-0.003j)\\\\(-0.011+0.012j) & (0.014+0.007j) & (-3.414\\times10^{-04}+0.014j) & (0.005+0.043j) & (-0.017-0.021j) & \\cdots & (0.107+0.053j) & (0.001+0.061j) & (-0.006+0.011j) & 0.032 & (1.798\\times10^{-04}+0.014j)\\\\(0.005+0.005j) & (0.003-0.006j) & (0.006+2.303\\times10^{-04}j) & (0.019-0.002j) & (-0.009+0.008j) & \\cdots & (0.024-0.047j) & (0.027-2.670\\times10^{-04}j) & (0.005+0.003j) & (1.798\\times10^{-04}-0.014j) & 0.006\\\\\\end{matrix}\\right)$"
      ],
      "text/plain": [
       "Quantum object: dims = [[4, 4], [4, 4]], shape = (16, 16), type = oper, isherm = True\n",
       "Qobj data =\n",
       "[[ 8.21431589e-03+0.00000000e+00j -2.39130236e-03-7.42306691e-03j\n",
       "   5.32703471e-03-4.91609369e-03j  1.38458460e-02-1.70017462e-02j\n",
       "  -1.54415174e-03+1.36989985e-02j  5.79815589e-03+1.26422126e-04j\n",
       "   3.69209999e-03+7.42861373e-03j -1.33975660e-02+3.73557885e-02j\n",
       "  -2.27991885e-02-6.22778437e-03j  2.19404691e-03+7.46191292e-03j\n",
       "  -5.36587674e-03+1.29061878e-02j -1.81933960e-02-5.69660276e-02j\n",
       "   2.15006090e-02-2.17640672e-02j  6.10049301e-03-1.66897153e-03j\n",
       "  -1.13595253e-02-1.17386349e-02j  5.11385286e-03-5.07451224e-03j]\n",
       " [-2.39130236e-03+7.42306691e-03j  7.40417708e-03+0.00000000e+00j\n",
       "   2.89177359e-03+6.24504856e-03j  1.13333230e-02+1.74615829e-02j\n",
       "  -1.19299100e-02-5.38338066e-03j -1.80216880e-03+5.20284175e-03j\n",
       "  -7.78786999e-03+1.17388275e-03j -2.98572504e-02-2.29818304e-02j\n",
       "   1.22650522e-02-1.87900476e-02j -7.38185739e-03-1.89563320e-04j\n",
       "  -1.01009095e-02-8.60617735e-03j  5.67750926e-02+1.42702168e-04j\n",
       "   1.34085019e-02+2.57653744e-02j -2.67732097e-04+5.99872029e-03j\n",
       "   1.39148206e-02-6.84803112e-03j  3.09699259e-03+6.09851944e-03j]\n",
       " [ 5.32703471e-03+4.91609369e-03j  2.89177359e-03-6.24504856e-03j\n",
       "   6.39679271e-03+0.00000000e+00j  1.91543011e-02-2.73929274e-03j\n",
       "  -9.19995180e-03+7.95974333e-03j  3.68447904e-03+3.55205876e-03j\n",
       "  -2.05151793e-03+7.02714547e-03j -3.10450510e-02+1.62073013e-02j\n",
       "  -1.10582181e-02-1.76835871e-02j -3.04294349e-03+6.15218723e-03j\n",
       "  -1.12038837e-02+5.15837935e-03j  2.22944284e-02-4.78311829e-02j\n",
       "   2.69686103e-02-1.24647424e-03j  4.95505152e-03+2.56867720e-03j\n",
       "  -3.41398671e-04-1.44110121e-02j  6.35335310e-03-2.30320217e-04j]\n",
       " [ 1.38458460e-02+1.70017462e-02j  1.13333230e-02-1.74615829e-02j\n",
       "   1.91543011e-02+2.73929274e-03j  5.85279205e-02+0.00000000e+00j\n",
       "  -3.09565626e-02+1.98946511e-02j  9.51156225e-03+1.22139443e-02j\n",
       "  -9.15221164e-03+2.01632846e-02j -9.99005010e-02+3.52361028e-02j\n",
       "  -2.55396611e-02-5.76864789e-02j -1.17462142e-02+1.71187873e-02j\n",
       "  -3.57574308e-02+1.06482165e-02j  8.72402516e-02-1.33676665e-01j\n",
       "   8.12875081e-02+7.81635074e-03j  1.37372264e-02+9.81344183e-03j\n",
       "   5.14894408e-03-4.32979571e-02j  1.91228571e-02+2.03102896e-03j]\n",
       " [-1.54415174e-03-1.36989985e-02j -1.19299100e-02+5.38338066e-03j\n",
       "  -9.19995180e-03-7.95974333e-03j -3.09565626e-02-1.98946511e-02j\n",
       "   2.31360673e-02+0.00000000e+00j -8.79120802e-04-9.69333845e-03j\n",
       "   1.16946326e-02-7.55376102e-03j  6.48166901e-02+1.53208415e-02j\n",
       "  -6.10020398e-03+3.91928796e-02j  1.20317741e-02-5.06172051e-03j\n",
       "   2.25323177e-02+6.52251825e-03j -9.15820837e-02+4.10497356e-02j\n",
       "  -4.03376413e-02-3.17652490e-02j -3.93012952e-03-9.86004198e-03j\n",
       "  -1.74411008e-02+2.11509219e-02j -9.42407153e-03-7.57444039e-03j]\n",
       " [ 5.79815589e-03-1.26422126e-04j -1.80216880e-03-5.20284175e-03j\n",
       "   3.68447904e-03-3.55205876e-03j  9.51156225e-03-1.22139443e-02j\n",
       "  -8.79120802e-04+9.69333845e-03j  4.09463122e-03+0.00000000e+00j\n",
       "   2.72043500e-03+5.18673715e-03j -8.88188123e-03+2.65741466e-02j\n",
       "  -1.61888806e-02-4.04505295e-03j  1.66353195e-03+5.23329744e-03j\n",
       "  -3.58892481e-03+9.19254327e-03j -1.37187216e-02-3.99300277e-02j\n",
       "   1.48414579e-02-1.56932858e-02j  4.28040692e-03-1.27194943e-03j\n",
       "  -8.19889598e-03-8.11100286e-03j  3.53156439e-03-3.66059908e-03j]\n",
       " [ 3.69209999e-03-7.42861373e-03j -7.78786999e-03-1.17388275e-03j\n",
       "  -2.05151793e-03-7.02714547e-03j -9.15221164e-03-2.01632846e-02j\n",
       "   1.16946326e-02+7.55376102e-03j  2.72043500e-03-5.18673715e-03j\n",
       "   8.37755758e-03+0.00000000e+00j  2.77608718e-02+2.89064424e-02j\n",
       "  -1.58796776e-02+1.78192273e-02j  7.73433969e-03+1.36973082e-03j\n",
       "   9.25989837e-03+1.06535909e-02j -5.96946184e-02-9.15140830e-03j\n",
       "  -1.00184180e-02-2.92263939e-02j  1.23266325e-03-6.26713369e-03j\n",
       "  -1.57216120e-02+4.99680220e-03j -2.29060283e-03-6.90555914e-03j]\n",
       " [-1.33975660e-02-3.73557885e-02j -2.98572504e-02+2.29818304e-02j\n",
       "  -3.10450510e-02-1.62073013e-02j -9.99005010e-02-3.52361028e-02j\n",
       "   6.48166901e-02-1.53208415e-02j -8.88188123e-03-2.65741466e-02j\n",
       "   2.77608718e-02-2.89064424e-02j  1.91732304e-01+0.00000000e+00j\n",
       "   8.86377366e-03+1.13840133e-01j  3.03556323e-02-2.21481406e-02j\n",
       "   6.74445099e-02+3.35208122e-03j -2.29387777e-01+1.75648805e-01j\n",
       "  -1.34042778e-01-6.22798883e-02j -1.75398058e-02-2.50207775e-02j\n",
       "  -3.48557295e-02+7.08048202e-02j -3.14177822e-02-1.49794451e-02j]\n",
       " [-2.27991885e-02+6.22778437e-03j  1.22650522e-02+1.87900476e-02j\n",
       "  -1.10582181e-02+1.76835871e-02j -2.55396611e-02+5.76864789e-02j\n",
       "  -6.10020398e-03-3.91928796e-02j -1.61888806e-02+4.04505295e-03j\n",
       "  -1.58796776e-02-1.78192273e-02j  8.86377366e-03-1.13840133e-01j\n",
       "   6.80018033e-02+0.00000000e+00j -1.17470128e-02-1.90474180e-02j\n",
       "   5.10823801e-03-3.98898868e-02j  9.36860489e-02+1.44318123e-01j\n",
       "  -4.31751742e-02+7.67080589e-02j -1.56668305e-02+9.25746616e-03j\n",
       "   4.04286430e-02+2.39687246e-02j -1.03464158e-02+1.79616581e-02j]\n",
       " [ 2.19404691e-03-7.46191292e-03j -7.38185739e-03+1.89563320e-04j\n",
       "  -3.04294349e-03-6.15218723e-03j -1.17462142e-02-1.71187873e-02j\n",
       "   1.20317741e-02+5.06172051e-03j  1.66353195e-03-5.23329744e-03j\n",
       "   7.73433969e-03-1.36973082e-03j  3.03556323e-02+2.21481406e-02j\n",
       "  -1.17470128e-02+1.90474180e-02j  7.36445824e-03+0.00000000e+00j\n",
       "   1.02907978e-02+8.32162864e-03j -5.66075992e-02+1.31129603e-03j\n",
       "  -1.40277329e-02-2.53444181e-02j  1.13344511e-04-5.98749185e-03j\n",
       "  -1.36975500e-02+7.18363813e-03j -3.24379239e-03-6.00084576e-03j]\n",
       " [-5.36587674e-03-1.29061878e-02j -1.01009095e-02+8.60617735e-03j\n",
       "  -1.12038837e-02-5.15837935e-03j -3.57574308e-02-1.06482165e-02j\n",
       "   2.25323177e-02-6.52251825e-03j -3.58892481e-03-9.19254327e-03j\n",
       "   9.25989837e-03-1.06535909e-02j  6.74445099e-02-3.35208122e-03j\n",
       "   5.10823801e-03+3.98898868e-02j  1.02907978e-02-8.32162864e-03j\n",
       "   2.37831511e-02+0.00000000e+00j -7.76194558e-02+6.57973317e-02j\n",
       "  -4.82402626e-02-1.95643310e-02j -6.60731267e-03-8.49475643e-03j\n",
       "  -1.10230985e-02+2.55159695e-02j -1.13135303e-02-4.71994730e-03j]\n",
       " [-1.81933960e-02+5.69660276e-02j  5.67750926e-02-1.42702168e-04j\n",
       "   2.22944284e-02+4.78311829e-02j  8.72402516e-02+1.33676665e-01j\n",
       "  -9.15820837e-02-4.10497356e-02j -1.37187216e-02+3.99300277e-02j\n",
       "  -5.96946184e-02+9.15140830e-03j -2.29387777e-01-1.75648805e-01j\n",
       "   9.36860489e-02-1.44318123e-01j -5.66075992e-02-1.31129603e-03j\n",
       "  -7.76194558e-02-6.57973317e-02j  4.35353109e-01+0.00000000e+00j\n",
       "   1.03312725e-01+1.97309989e-01j -1.93735024e-03+4.60032361e-02j\n",
       "   1.06566603e-01-5.27787589e-02j  2.38652198e-02+4.67036451e-02j]\n",
       " [ 2.15006090e-02+2.17640672e-02j  1.34085019e-02-2.57653744e-02j\n",
       "   2.69686103e-02+1.24647424e-03j  8.12875081e-02-7.81635074e-03j\n",
       "  -4.03376413e-02+3.17652490e-02j  1.48414579e-02+1.56932858e-02j\n",
       "  -1.00184180e-02+2.92263939e-02j -1.34042778e-01+6.22798883e-02j\n",
       "  -4.31751742e-02-7.67080589e-02j -1.40277329e-02+2.53444181e-02j\n",
       "  -4.82402626e-02+1.95643310e-02j  1.03312725e-01-1.97309989e-01j\n",
       "   1.13941419e-01+0.00000000e+00j  2.03897592e-02+1.17949732e-02j\n",
       "   1.36879652e-03-6.08227486e-02j  2.68303507e-02+2.66989233e-04j]\n",
       " [ 6.10049301e-03+1.66897153e-03j -2.67732097e-04-5.99872029e-03j\n",
       "   4.95505152e-03-2.56867720e-03j  1.37372264e-02-9.81344183e-03j\n",
       "  -3.93012952e-03+9.86004198e-03j  4.28040692e-03+1.27194943e-03j\n",
       "   1.23266325e-03+6.26713369e-03j -1.75398058e-02+2.50207775e-02j\n",
       "  -1.56668305e-02-9.25746616e-03j  1.13344511e-04+5.98749185e-03j\n",
       "  -6.60731267e-03+8.49475643e-03j -1.93735024e-03-4.60032361e-02j\n",
       "   2.03897592e-02-1.17949732e-02j  4.86972761e-03+0.00000000e+00j\n",
       "  -6.05129602e-03-1.10258950e-02j  4.82891584e-03-2.72964321e-03j]\n",
       " [-1.13595253e-02+1.17386349e-02j  1.39148206e-02+6.84803112e-03j\n",
       "  -3.41398671e-04+1.44110121e-02j  5.14894408e-03+4.32979571e-02j\n",
       "  -1.74411008e-02-2.11509219e-02j -8.19889598e-03+8.11100286e-03j\n",
       "  -1.57216120e-02-4.99680220e-03j -3.48557295e-02-7.08048202e-02j\n",
       "   4.04286430e-02-2.39687246e-02j -1.36975500e-02-7.18363813e-03j\n",
       "  -1.10230985e-02-2.55159695e-02j  1.06566603e-01+5.27787589e-02j\n",
       "   1.36879652e-03+6.08227486e-02j -6.05129602e-03+1.10258950e-02j\n",
       "   3.24840640e-02+0.00000000e+00j  1.79796531e-04+1.43254415e-02j]\n",
       " [ 5.11385286e-03+5.07451224e-03j  3.09699259e-03-6.09851944e-03j\n",
       "   6.35335310e-03+2.30320217e-04j  1.91228571e-02-2.03102896e-03j\n",
       "  -9.42407153e-03+7.57444039e-03j  3.53156439e-03+3.66059908e-03j\n",
       "  -2.29060283e-03+6.90555914e-03j -3.14177822e-02+1.49794451e-02j\n",
       "  -1.03464158e-02-1.79616581e-02j -3.24379239e-03+6.00084576e-03j\n",
       "  -1.13135303e-02+4.71994730e-03j  2.38652198e-02-4.67036451e-02j\n",
       "   2.68303507e-02-2.66989233e-04j  4.82891584e-03+2.72964321e-03j\n",
       "   1.79796531e-04-1.43254415e-02j  6.31850130e-03+0.00000000e+00j]]"
      ]
     },
     "execution_count": 108,
     "metadata": {},
     "output_type": "execute_result"
    }
   ],
   "source": [
    "def rho(x):\n",
    "    \"Parámetro x: x es el indice del estado correspondiente en resultado.states. La salida es la matriz n\\\n",
    "    de densidad a cada estado. Tiene que ser UN número menor al número de estados puestos en el linspace del sesolve\"\n",
    "    \n",
    "    return(resultado.states[x]*resultado.states[x].dag())\n",
    "\n",
    "#Esta sería la matriz de densidad del estado 59\n",
    "rho(59)"
   ]
  },
  {
   "cell_type": "markdown",
   "id": "443a0a50",
   "metadata": {},
   "source": [
    "\n",
    "\n",
    "\n"
   ]
  },
  {
   "cell_type": "markdown",
   "id": "a974fb5b",
   "metadata": {},
   "source": [
    "### Trazas parciales"
   ]
  },
  {
   "cell_type": "code",
   "execution_count": 109,
   "id": "71811e88",
   "metadata": {},
   "outputs": [
    {
     "data": {
      "text/latex": [
       "Quantum object: dims = [[4], [4]], shape = (4, 4), type = oper, isherm = True $ \\\\ \\left(\\begin{matrix}0.222 & 0.0 & 0.0 & 0.416\\\\0.0 & 0.0 & 0.0 & 0.0\\\\0.0 & 0.0 & 0.0 & 0.0\\\\0.416 & 0.0 & 0.0 & 0.778\\\\\\end{matrix}\\right)$"
      ],
      "text/plain": [
       "Quantum object: dims = [[4], [4]], shape = (4, 4), type = oper, isherm = True\n",
       "Qobj data =\n",
       "[[0.22222222 0.         0.         0.41573971]\n",
       " [0.         0.         0.         0.        ]\n",
       " [0.         0.         0.         0.        ]\n",
       " [0.41573971 0.         0.         0.77777778]]"
      ]
     },
     "execution_count": 109,
     "metadata": {},
     "output_type": "execute_result"
    }
   ],
   "source": [
    "#Se preservan los componentes 1.\n",
    "#Se preservan los fotones, y esto corresponde a p_ph para el estado 0\n",
    "rho(0).ptrace(1)"
   ]
  },
  {
   "cell_type": "code",
   "execution_count": 110,
   "id": "dab93d20",
   "metadata": {},
   "outputs": [
    {
     "data": {
      "text/latex": [
       "Quantum object: dims = [[4], [4]], shape = (4, 4), type = oper, isherm = True $ \\\\ \\left(\\begin{matrix}0.0 & 0.0 & 0.0 & 0.0\\\\0.0 & 0.0 & 0.0 & 0.0\\\\0.0 & 0.0 & 0.0 & 0.0\\\\0.0 & 0.0 & 0.0 & 1.0\\\\\\end{matrix}\\right)$"
      ],
      "text/plain": [
       "Quantum object: dims = [[4], [4]], shape = (4, 4), type = oper, isherm = True\n",
       "Qobj data =\n",
       "[[0. 0. 0. 0.]\n",
       " [0. 0. 0. 0.]\n",
       " [0. 0. 0. 0.]\n",
       " [0. 0. 0. 1.]]"
      ]
     },
     "execution_count": 110,
     "metadata": {},
     "output_type": "execute_result"
    }
   ],
   "source": [
    "#Se preservan los componentes 0.\n",
    "#Se preservan lo emisores esto corresponde a p_D para el estado 0\n",
    "rho(0).ptrace(0)"
   ]
  },
  {
   "cell_type": "markdown",
   "id": "f5c931e9",
   "metadata": {},
   "source": [
    "Y esto es un problema, que dan la misma matriz de densidad reducida. Me pregunto si eso es un efecto debido a la forma en como se construyó la base del sistema..."
   ]
  },
  {
   "cell_type": "markdown",
   "id": "df7df58c",
   "metadata": {},
   "source": [
    "\n",
    "\n"
   ]
  },
  {
   "cell_type": "markdown",
   "id": "75231301",
   "metadata": {},
   "source": [
    "\n",
    "\n",
    "\n"
   ]
  },
  {
   "cell_type": "markdown",
   "id": "f5427107",
   "metadata": {},
   "source": [
    "\n",
    "\n",
    "\n",
    "\n",
    "\n"
   ]
  },
  {
   "cell_type": "markdown",
   "id": "2096010c",
   "metadata": {},
   "source": [
    "## Entropía Lineal"
   ]
  },
  {
   "cell_type": "markdown",
   "id": "122c332a",
   "metadata": {},
   "source": [
    "\n",
    "\n"
   ]
  },
  {
   "cell_type": "code",
   "execution_count": 111,
   "id": "fe0c08a9",
   "metadata": {},
   "outputs": [
    {
     "data": {
      "text/plain": [
       "0.030609665477419834"
      ]
     },
     "execution_count": 111,
     "metadata": {},
     "output_type": "execute_result"
    }
   ],
   "source": [
    "def entropia (x):\n",
    "    \"Entropía lineal usando un ket\"\n",
    "    rho(x)\n",
    "    return(entropy_linear(rho(x).ptrace(0)))\n",
    "\n",
    "\n",
    "#Entropía lineal para el estado 2, es decir: t=2\n",
    "entropia(1)"
   ]
  },
  {
   "cell_type": "markdown",
   "id": "977920c2",
   "metadata": {},
   "source": [
    "\n",
    "\n"
   ]
  },
  {
   "cell_type": "markdown",
   "id": "22b6adad",
   "metadata": {},
   "source": [
    "\n"
   ]
  },
  {
   "cell_type": "markdown",
   "id": "a0fe1740",
   "metadata": {},
   "source": [
    "\n",
    "\n"
   ]
  },
  {
   "cell_type": "markdown",
   "id": "41a228cf",
   "metadata": {},
   "source": [
    "## Gráfica Entropía Lineal"
   ]
  },
  {
   "cell_type": "code",
   "execution_count": 112,
   "id": "f033580a",
   "metadata": {},
   "outputs": [
    {
     "name": "stderr",
     "output_type": "stream",
     "text": [
      "WARNING:matplotlib.legend:No artists with labels found to put in legend.  Note that artists whose label start with an underscore are ignored when legend() is called with no argument.\n"
     ]
    },
    {
     "data": {
